CERO = [0 1 1 1 0;
        1 0 0 0 1;
        1 0 0 0 1;
        1 0 0 0 1;
        1 0 0 0 1;
        1 0 0 0 1;
        0 1 1 1 0];
        
UNO =  [0 0 1 0 0;
        0 1 1 0 0;
        1 0 1 0 0;
        0 0 1 0 0;
        0 0 1 0 0;
        0 0 1 0 0;
        1 1 1 1 1];

DOS =  [0 1 1 1 0;
        1 0 0 0 1;
        0 0 0 1 0;
        0 0 1 0 0;
        0 1 0 0 0;
        1 0 0 0 0;
        1 1 1 1 1];

TRES = [1 1 1 1 1;
        0 0 0 0 1;
        0 0 0 0 1;
        0 1 1 1 0;
        0 0 0 0 1;
        0 0 0 0 1;
        1 1 1 1 0];

CUATRO = [1 0 0 0 1;
          1 0 0 0 1;
          1 0 0 0 1;
          1 1 1 1 1;
          0 0 0 0 1;
          0 0 0 0 1;
          0 0 0 0 1];

CINCO = [1 1 1 1 1;
         1 0 0 0 0;
         1 0 0 0 0;
         1 1 1 1 0;
         0 0 0 0 1;
         0 0 0 0 1;
         1 1 1 1 0];

SEIS =  [0 1 1 1 0;
         1 0 0 0 0;
         1 0 0 0 0;
         1 1 1 1 0;
         1 0 0 0 1;
         1 0 0 0 1;
         0 1 1 1 0];

SIETE = [1 1 1 1 1;
         0 0 0 0 1;
         0 0 0 1 0;
         0 0 1 0 0;
         0 0 1 0 0;
         0 0 1 0 0;
         0 0 

