A = [0 0 1 0 0;     0 1 0 1 0;     1 1 1 1 1;     1 0 0 0 1;     1 0 0 0 1;     1 0 0 0 1;     1 0 0 0 1];
     
E = [1 1 1 1 1;     1 0 0 0 0;     1 0 0 0 0;     1 1 1 1 1;     1 0 0 0 0;     1 0 0 0 0;     1 1 1 1 1];

I = [1 1 1 1 1;     0 0 1 0 0;     0 0 1 0 0;     0 0 1 0 0;     0 0 1 0 0;     0 0 1 0 0;     1 1 1 1 1];

O = [0 1 1 1 0;     1 0 0 0 1;     1 0 0 0 1;     1 0 0 0 1;     1 0 0 0 1;     1 0 0 0 1;     0 1 1 1 0];

U = [1 0 0 0 1;     1 0 0 0 1;     1 0 0 0 1;     1 0 0 0 1;     1 0 0 0 1;     1 0 0 0 1;     0 1 1 1 0];

